DeployID,Ptt,Instr,Date,Type,Quality,Latitude,Longitude,Error radius,Error Semi-major axis,Error Semi-minor axis,Error Ellipse orientation,Offset,Offset orientation,GPE MSD,GPE U,Count,Comment
152582,152582,Mk10,19:10:27 25-Aug-2015,Argos,A,47.6840,-122.1570,,,,,,,,,,
152582,152582,Mk10,19:59:27 25-Aug-2015,Argos,B,47.6810,-122.1510,,,,,,,,,,
152582,152582,Mk10,20:04:27 25-Aug-2015,Argos,3,47.6760,-122.1370,,,,,,,,,,
152582,152582,Mk10,20:46:27 25-Aug-2015,Argos,B,47.6750,-122.1360,,,,,,,,,,
152582,152582,Mk10,21:43:27 25-Aug-2015,Argos,1,47.6760,-122.1380,,,,,,,,,,
152582,152582,Mk10,22:21:57 25-Aug-2015,Argos,A,47.6710,-122.1430,,,,,,,,,,
152582,152582,Mk10,23:26:57 25-Aug-2015,Argos,1,47.6750,-122.1420,,,,,,,,,,
152582,152582,Mk10,00:00:47 26-Aug-2015,Argos,3,47.6750,-122.1370,,,,,,,,,,
152582,152582,Mk10,00:03:27 26-Aug-2015,Argos,3,47.6760,-122.1360,,,,,,,,,,
152582,152582,Mk10,04:03:11 16-Nov-2015,Argos,2,13.4420,144.7940,,,,,,,,,,
152582,152582,Mk10,03:39:07 18-Nov-2015,Argos,B,13.3610,144.6710,,,,,,,,,,
152582,152582,Mk10,05:18:36 18-Nov-2015,Argos,B,13.3560,144.6620,,,,,,,,,,
152582,152582,Mk10,06:46:07 18-Nov-2015,Argos,B,13.3550,144.6600,,,,,,,,,,
152582,152582,Mk10,07:15:35 18-Nov-2015,Argos,B,13.3520,144.6560,,,,,,,,,,
152582,152582,Mk10,08:19:47 18-Nov-2015,Argos,B,13.3600,144.6610,,,,,,,,,,
152582,152582,Mk10,11:49:43 18-Nov-2015,Argos,B,13.5430,144.6430,,,,,,,,,,Lat > 4 deviations from mean
152582,152582,Mk10,12:31:53 18-Nov-2015,Argos,A,13.3750,144.6540,,,,,,,,,,
152582,152582,Mk10,16:11:13 18-Nov-2015,Argos,A,13.3840,144.6580,,,,,,,,,,
152582,152582,Mk10,19:19:11 18-Nov-2015,Argos,B,13.3840,144.6590,,,,,,,,,,
152582,152582,Mk10,20:00:01 18-Nov-2015,Argos,B,13.3710,144.6530,,,,,,,,,,
152582,152582,Mk10,20:08:49 18-Nov-2015,Argos,A,13.3870,144.6630,,,,,,,,,,
152582,152582,Mk10,21:00:05 18-Nov-2015,Argos,B,13.3580,144.6580,,,,,,,,,,
152582,152582,Mk10,23:21:12 18-Nov-2015,Argos,B,13.3800,144.6560,,,,,,,,,,
152582,152582,Mk10,00:14:05 19-Nov-2015,Argos,B,13.3490,144.6460,,,,,,,,,,
152582,152582,Mk10,07:10:20 19-Nov-2015,Argos,B,13.2120,144.6240,,,,,,,,,,Lat > 4 deviations from mean
152582,152582,Mk10,17:42:38 19-Nov-2015,Argos,B,13.3910,144.6540,,,,,,,,,,
152582,152582,Mk10,18:54:31 19-Nov-2015,Argos,B,13.3370,144.6560,,,,,,,,,,
152582,152582,Mk10,19:36:07 19-Nov-2015,Argos,B,13.4170,144.6200,,,,,,,,,,
152582,152582,Mk10,19:36:32 19-Nov-2015,Argos,B,13.4230,144.6280,,,,,,,,,,
152582,152582,Mk10,20:34:59 19-Nov-2015,Argos,B,13.4180,144.6180,,,,,,,,,,
152582,152582,Mk10,21:21:18 19-Nov-2015,Argos,B,13.4250,144.6250,,,,,,,,,,
152582,152582,Mk10,23:03:52 19-Nov-2015,Argos,B,13.4270,144.6210,,,,,,,,,,
152582,152582,Mk10,23:52:35 19-Nov-2015,Argos,B,13.3840,144.5970,,,,,,,,,,
152582,152582,Mk10,04:59:06 20-Nov-2015,Argos,B,13.3700,144.6150,,,,,,,,,,
152582,152582,Mk10,06:50:57 20-Nov-2015,Argos,B,13.3680,144.6270,,,,,,,,,,
152582,152582,Mk10,07:38:03 20-Nov-2015,Argos,B,13.3600,144.6280,,,,,,,,,,
152582,152582,Mk10,07:54:14 20-Nov-2015,Argos,B,13.3660,144.6220,,,,,,,,,,
152582,152582,Mk10,11:51:20 20-Nov-2015,Argos,B,13.4160,144.6630,,,,,,,,,,
152582,152582,Mk10,19:35:09 20-Nov-2015,Argos,B,13.3700,144.6610,,,,,,,,,,
152582,152582,Mk10,20:03:12 20-Nov-2015,Argos,B,13.4040,144.6190,,,,,,,,,,
152582,152582,Mk10,20:34:32 20-Nov-2015,Argos,B,13.3990,144.6340,,,,,,,,,,
152582,152582,Mk10,22:40:36 20-Nov-2015,Argos,B,13.3910,144.6310,,,,,,,,,,
152582,152582,Mk10,23:40:42 20-Nov-2015,Argos,B,13.3880,144.6380,,,,,,,,,,
152582,152582,Mk10,00:17:23 21-Nov-2015,Argos,B,13.3830,144.6420,,,,,,,,,,
152582,152582,Mk10,04:40:20 21-Nov-2015,Argos,A,13.4210,144.6130,,,,,,,,,,
152582,152582,Mk10,06:40:50 21-Nov-2015,Argos,B,13.4190,144.6250,,,,,,,,,,
152582,152582,Mk10,07:10:49 21-Nov-2015,Argos,A,13.4240,144.6530,,,,,,,,,,
152582,152582,Mk10,07:24:13 21-Nov-2015,Argos,B,13.4180,144.6510,,,,,,,,,,
152582,152582,Mk10,08:18:51 21-Nov-2015,Argos,B,13.4170,144.6560,,,,,,,,,,
152582,152582,Mk10,09:09:52 21-Nov-2015,Argos,B,13.4160,144.6580,,,,,,,,,,
152582,152582,Mk10,11:26:15 21-Nov-2015,Argos,B,13.4140,144.6670,,,,,,,,,,
152582,152582,Mk10,15:48:17 21-Nov-2015,Argos,B,13.4220,144.6550,,,,,,,,,,
152582,152582,Mk10,19:38:53 21-Nov-2015,Argos,B,13.4220,144.6640,,,,,,,,,,
152582,152582,Mk10,20:06:32 21-Nov-2015,Argos,B,13.4170,144.6570,,,,,,,,,,
152582,152582,Mk10,08:13:03 22-Nov-2015,Argos,A,13.3780,144.6220,,,,,,,,,,
152582,152582,Mk10,08:23:42 22-Nov-2015,Argos,B,13.4020,144.6550,,,,,,,,,,
152582,152582,Mk10,08:30:34 22-Nov-2015,Argos,B,13.3820,144.6310,,,,,,,,,,
152582,152582,Mk10,15:34:13 22-Nov-2015,Argos,B,13.4000,144.6380,,,,,,,,,,
152582,152582,Mk10,23:35:00 22-Nov-2015,Argos,B,13.4010,144.6550,,,,,,,,,,
152582,152582,Mk10,07:57:07 23-Nov-2015,Argos,B,13.4050,144.6580,,,,,,,,,,
152582,152582,Mk10,07:57:07 23-Nov-2015,Argos,B,13.4040,144.6530,,,,,,,,,,
152582,152582,Mk10,10:44:59 23-Nov-2015,Argos,B,13.4120,144.6620,,,,,,,,,,
152582,152582,Mk10,11:35:54 23-Nov-2015,Argos,B,13.4190,144.6630,,,,,,,,,,
152582,152582,Mk10,12:25:50 23-Nov-2015,Argos,B,13.4240,144.6610,,,,,,,,,,
152582,152582,Mk10,15:18:51 23-Nov-2015,Argos,B,13.4270,144.6660,,,,,,,,,,
152582,152582,Mk10,18:49:27 23-Nov-2015,Argos,A,13.4170,144.6520,,,,,,,,,,
152582,152582,Mk10,18:58:22 23-Nov-2015,Argos,2,13.4190,144.6570,,,,,,,,,,
152582,152582,Mk10,19:10:28 23-Nov-2015,Argos,B,13.4190,144.6570,,,,,,,,,,
152582,152582,Mk10,20:31:35 23-Nov-2015,Argos,B,13.4160,144.6560,,,,,,,,,,
152582,152582,Mk10,20:37:26 23-Nov-2015,Argos,B,13.4150,144.6580,,,,,,,,,,
152582,152582,Mk10,20:45:06 23-Nov-2015,Argos,B,13.4130,144.6600,,,,,,,,,,
152582,152582,Mk10,01:04:01 24-Nov-2015,Argos,B,13.4150,144.6590,,,,,,,,,,
152582,152582,Mk10,07:45:13 24-Nov-2015,Argos,B,13.4310,144.6520,,,,,,,,,,
152582,152582,Mk10,09:10:21 24-Nov-2015,Argos,B,13.4250,144.6370,,,,,,,,,,
152582,152582,Mk10,10:23:00 24-Nov-2015,Argos,B,13.4220,144.6310,,,,,,,,,,
152582,152582,Mk10,12:58:16 24-Nov-2015,Argos,B,13.4160,144.6300,,,,,,,,,,
152582,152582,Mk10,16:45:25 24-Nov-2015,Argos,A,13.4140,144.6950,,,,,,,,,,
152582,152582,Mk10,18:47:06 24-Nov-2015,Argos,B,13.4260,144.6790,,,,,,,,,,
152582,152582,Mk10,20:12:33 24-Nov-2015,Argos,B,13.4200,144.6730,,,,,,,,,,
152582,152582,Mk10,20:12:33 24-Nov-2015,Argos,B,13.4190,144.6740,,,,,,,,,,
152582,152582,Mk10,04:02:17 25-Nov-2015,Argos,B,13.4120,144.6440,,,,,,,,,,
152582,152582,Mk10,05:55:15 25-Nov-2015,Argos,B,13.4110,144.6390,,,,,,,,,,
152582,152582,Mk10,07:10:06 25-Nov-2015,Argos,A,13.4360,144.6700,,,,,,,,,,
152582,152582,Mk10,08:40:44 25-Nov-2015,Argos,B,13.4130,144.6620,,,,,,,,,,
152582,152582,Mk10,10:56:22 25-Nov-2015,Argos,B,13.4100,144.6700,,,,,,,,,,
152582,152582,Mk10,11:48:44 25-Nov-2015,Argos,A,13.4200,144.6590,,,,,,,,,,
152582,152582,Mk10,16:34:13 25-Nov-2015,Argos,B,13.3830,144.6660,,,,,,,,,,
152582,152582,Mk10,19:39:01 25-Nov-2015,Argos,B,13.3940,144.6630,,,,,,,,,,
152582,152582,Mk10,19:39:01 25-Nov-2015,Argos,B,13.4040,144.6680,,,,,,,,,,
152582,152582,Mk10,20:11:45 25-Nov-2015,Argos,2,13.4210,144.6370,,,,,,,,,,
152582,152582,Mk10,22:40:44 25-Nov-2015,Argos,B,13.4460,144.5960,,,,,,,,,,
152582,152582,Mk10,00:13:31 26-Nov-2015,Argos,B,13.4460,144.5960,,,,,,,,,,
152582,152582,Mk10,07:20:53 26-Nov-2015,Argos,B,13.5320,144.4750,,,,,,,,,,Lat > 4 deviations from mean
152582,152582,Mk10,08:07:40 26-Nov-2015,Argos,B,13.4080,144.6160,,,,,,,,,,
152582,152582,Mk10,16:25:19 26-Nov-2015,Argos,B,13.4080,144.6180,,,,,,,,,,
152582,152582,Mk10,19:13:55 26-Nov-2015,Argos,A,13.4010,144.6700,,,,,,,,,,
152582,152582,Mk10,22:17:16 26-Nov-2015,Argos,B,13.4150,144.6300,,,,,,,,,,
152582,152582,Mk10,03:36:22 27-Nov-2015,Argos,B,13.3990,144.6810,,,,,,,,,,
152582,152582,Mk10,07:10:51 27-Nov-2015,Argos,A,13.4060,144.6480,,,,,,,,,,
152582,152582,Mk10,07:55:39 27-Nov-2015,Argos,B,13.4050,144.6630,,,,,,,,,,
152582,152582,Mk10,08:53:42 27-Nov-2015,Argos,B,13.4040,144.6620,,,,,,,,,,
152582,152582,Mk10,11:09:01 27-Nov-2015,Argos,B,13.4060,144.6590,,,,,,,,,,
152582,152582,Mk10,18:01:10 27-Nov-2015,Argos,B,13.4000,144.6820,,,,,,,,,,
152582,152582,Mk10,18:54:51 27-Nov-2015,Argos,B,13.3980,144.6610,,,,,,,,,,
152582,152582,Mk10,19:49:11 27-Nov-2015,Argos,B,13.4130,144.6490,,,,,,,,,,
152582,152582,Mk10,20:14:38 27-Nov-2015,Argos,B,13.4170,144.6120,,,,,,,,,,
152582,152582,Mk10,20:30:46 27-Nov-2015,Argos,B,13.4160,144.6510,,,,,,,,,,
152582,152582,Mk10,07:06:40 28-Nov-2015,Argos,B,13.4290,144.6030,,,,,,,,,,
152582,152582,Mk10,07:31:31 28-Nov-2015,Argos,B,13.4200,144.6120,,,,,,,,,,
152582,152582,Mk10,08:44:14 28-Nov-2015,Argos,B,13.4220,144.6200,,,,,,,,,,
152582,152582,Mk10,19:34:54 28-Nov-2015,Argos,A,13.4190,144.6380,,,,,,,,,,
152582,152582,Mk10,19:44:01 28-Nov-2015,Argos,B,13.3940,144.6330,,,,,,,,,,
152582,152582,Mk10,20:11:52 28-Nov-2015,Argos,B,13.3980,144.6340,,,,,,,,,,
152582,152582,Mk10,23:12:44 28-Nov-2015,Argos,B,13.4160,144.6410,,,,,,,,,,
152582,152582,Mk10,00:12:04 29-Nov-2015,Argos,B,13.4150,144.6420,,,,,,,,,,
152582,152582,Mk10,03:17:05 29-Nov-2015,Argos,B,13.4140,144.6430,,,,,,,,,,
152582,152582,Mk10,07:10:51 29-Nov-2015,Argos,B,13.4170,144.6500,,,,,,,,,,
152582,152582,Mk10,08:20:04 29-Nov-2015,Argos,B,13.4150,144.6480,,,,,,,,,,
152582,152582,Mk10,08:26:19 29-Nov-2015,Argos,B,13.4160,144.6480,,,,,,,,,,
152582,152582,Mk10,10:24:40 29-Nov-2015,Argos,B,13.4150,144.6470,,,,,,,,,,
152582,152582,Mk10,11:58:20 29-Nov-2015,Argos,B,13.4150,144.6500,,,,,,,,,,
152582,152582,Mk10,19:18:23 29-Nov-2015,Argos,B,13.4160,144.6600,,,,,,,,,,
152582,152582,Mk10,19:26:51 29-Nov-2015,Argos,B,13.4140,144.6580,,,,,,,,,,
152582,152582,Mk10,19:42:19 29-Nov-2015,Argos,B,13.4100,144.6470,,,,,,,,,,
152582,152582,Mk10,20:55:54 29-Nov-2015,Argos,B,13.4100,144.6470,,,,,,,,,,
152582,152582,Mk10,21:07:34 29-Nov-2015,Argos,B,13.4110,144.6450,,,,,,,,,,
152582,152582,Mk10,22:55:29 29-Nov-2015,Argos,B,13.4090,144.6460,,,,,,,,,,
152582,152582,Mk10,00:39:29 30-Nov-2015,Argos,B,13.4080,144.6460,,,,,,,,,,
152582,152582,Mk10,03:09:59 30-Nov-2015,Argos,B,13.4060,144.6480,,,,,,,,,,
152582,152582,Mk10,06:39:57 30-Nov-2015,Argos,B,13.4120,144.6540,,,,,,,,,,
152582,152582,Mk10,07:41:19 30-Nov-2015,Argos,B,13.4080,144.6540,,,,,,,,,,
152582,152582,Mk10,10:50:46 30-Nov-2015,Argos,B,13.4060,144.6580,,,,,,,,,,
152582,152582,Mk10,18:44:14 30-Nov-2015,Argos,B,13.3980,144.6640,,,,,,,,,,
152582,152582,Mk10,19:20:02 30-Nov-2015,Argos,B,13.4000,144.6620,,,,,,,,,,
152582,152582,Mk10,19:20:02 30-Nov-2015,Argos,B,13.4000,144.6610,,,,,,,,,,
152582,152582,Mk10,20:30:28 30-Nov-2015,Argos,B,13.3990,144.6620,,,,,,,,,,
152582,152582,Mk10,00:17:57 01-Dec-2015,Argos,B,13.4000,144.6620,,,,,,,,,,
152582,152582,Mk10,01:11:43 01-Dec-2015,Argos,B,13.4060,144.6580,,,,,,,,,,
152582,152582,Mk10,06:20:17 01-Dec-2015,Argos,B,13.4240,144.6200,,,,,,,,,,
152582,152582,Mk10,07:59:21 01-Dec-2015,Argos,B,13.4210,144.6520,,,,,,,,,,
152582,152582,Mk10,11:27:04 01-Dec-2015,Argos,B,13.4290,144.6680,,,,,,,,,,
152582,152582,Mk10,12:10:28 01-Dec-2015,Argos,B,13.4290,144.6680,,,,,,,,,,
152582,152582,Mk10,17:12:11 01-Dec-2015,Argos,B,13.4170,144.6680,,,,,,,,,,
152582,152582,Mk10,18:53:45 01-Dec-2015,Argos,B,13.4160,144.6730,,,,,,,,,,
152582,152582,Mk10,19:09:32 01-Dec-2015,Argos,B,13.4190,144.6730,,,,,,,,,,
152582,152582,Mk10,19:57:36 01-Dec-2015,Argos,B,13.4170,144.6750,,,,,,,,,,
152582,152582,Mk10,20:30:16 01-Dec-2015,Argos,B,13.4170,144.6440,,,,,,,,,,
152582,152582,Mk10,20:52:07 01-Dec-2015,Argos,B,13.4170,144.6380,,,,,,,,,,
152582,152582,Mk10,06:15:07 02-Dec-2015,Argos,B,13.3900,144.5910,,,,,,,,,,
152582,152582,Mk10,07:38:08 02-Dec-2015,Argos,B,13.4240,144.5910,,,,,,,,,,
152582,152582,Mk10,07:50:09 02-Dec-2015,Argos,B,13.4150,144.6340,,,,,,,,,,
152582,152582,Mk10,08:22:57 02-Dec-2015,Argos,B,13.4190,144.6310,,,,,,,,,,
152582,152582,Mk10,11:54:34 02-Dec-2015,Argos,B,13.4160,144.6330,,,,,,,,,,
152582,152582,Mk10,16:58:17 02-Dec-2015,Argos,B,13.4510,144.6030,,,,,,,,,,
152582,152582,Mk10,20:11:45 02-Dec-2015,Argos,B,13.4560,144.6000,,,,,,,,,,
152582,152582,Mk10,20:34:42 02-Dec-2015,Argos,B,13.4280,144.6240,,,,,,,,,,
152582,152582,Mk10,00:21:43 03-Dec-2015,Argos,B,13.4280,144.6340,,,,,,,,,,
152582,152582,Mk10,07:07:10 03-Dec-2015,Argos,B,13.4760,144.5890,,,,,,,,,,
152582,152582,Mk10,07:46:31 03-Dec-2015,Argos,A,13.4170,144.6590,,,,,,,,,,
152582,152582,Mk10,08:53:52 03-Dec-2015,Argos,B,13.4090,144.6360,,,,,,,,,,
152582,152582,Mk10,12:17:22 03-Dec-2015,Argos,B,13.4080,144.6720,,,,,,,,,,
152582,152582,Mk10,16:44:52 03-Dec-2015,Argos,B,13.4180,144.6670,,,,,,,,,,
152582,152582,Mk10,18:40:39 03-Dec-2015,Argos,B,13.4030,144.6930,,,,,,,,,,
152582,152582,Mk10,19:43:05 03-Dec-2015,Argos,3,13.4120,144.6550,,,,,,,,,,
152582,152582,Mk10,20:20:43 03-Dec-2015,Argos,B,13.4060,144.6480,,,,,,,,,,
152582,152582,Mk10,20:36:04 03-Dec-2015,Argos,A,13.4100,144.6360,,,,,,,,,,
152582,152582,Mk10,00:01:10 04-Dec-2015,Argos,B,13.4080,144.6330,,,,,,,,,,
152582,152582,Mk10,07:31:01 04-Dec-2015,Argos,B,13.3890,144.6160,,,,,,,,,,
152582,152582,Mk10,08:55:31 04-Dec-2015,Argos,B,13.4050,144.6340,,,,,,,,,,
152582,152582,Mk10,10:20:32 04-Dec-2015,Argos,B,13.4130,144.6310,,,,,,,,,,
152582,152582,Mk10,16:41:32 04-Dec-2015,Argos,B,13.4180,144.6220,,,,,,,,,,
152582,152582,Mk10,19:15:45 04-Dec-2015,Argos,A,13.4200,144.6430,,,,,,,,,,
152582,152582,Mk10,20:01:56 04-Dec-2015,Argos,B,13.4130,144.6500,,,,,,,,,,
152582,152582,Mk10,20:05:57 04-Dec-2015,Argos,A,13.4070,144.6310,,,,,,,,,,
152582,152582,Mk10,20:53:04 04-Dec-2015,Argos,B,13.3980,144.6230,,,,,,,,,,
152582,152582,Mk10,23:44:21 04-Dec-2015,Argos,B,13.3910,144.6260,,,,,,,,,,
152582,152582,Mk10,03:45:53 05-Dec-2015,Argos,B,13.4570,144.6250,,,,,,,,,,
152582,152582,Mk10,06:21:25 05-Dec-2015,Argos,B,13.4530,144.6450,,,,,,,,,,
152582,152582,Mk10,07:16:13 05-Dec-2015,Argos,B,13.4620,144.6200,,,,,,,,,,
152582,152582,Mk10,07:59:28 05-Dec-2015,Argos,B,13.4130,144.6690,,,,,,,,,,
152582,152582,Mk10,09:58:43 05-Dec-2015,Argos,B,13.3860,144.7130,,,,,,,,,,
152582,152582,Mk10,11:41:08 05-Dec-2015,Argos,B,13.3570,144.7470,,,,,,,,,,
152582,152582,Mk10,16:20:27 05-Dec-2015,Argos,B,13.3150,144.6440,,,,,,,,,,Lat > 4 deviations from mean
152582,152582,Mk10,18:53:26 05-Dec-2015,Argos,B,13.3910,144.6570,,,,,,,,,,
152582,152582,Mk10,19:28:20 05-Dec-2015,Argos,B,13.3940,144.6960,,,,,,,,,,
152582,152582,Mk10,19:58:56 05-Dec-2015,Argos,B,13.4050,144.6990,,,,,,,,,,
152582,152582,Mk10,20:31:51 05-Dec-2015,Argos,A,13.4110,144.6490,,,,,,,,,,
152582,152582,Mk10,21:02:44 05-Dec-2015,Argos,B,13.4130,144.6380,,,,,,,,,,
152582,152582,Mk10,03:35:04 06-Dec-2015,Argos,B,13.4150,144.6420,,,,,,,,,,
152582,152582,Mk10,07:36:33 06-Dec-2015,Argos,B,13.4000,144.5830,,,,,,,,,,
152582,152582,Mk10,07:55:47 06-Dec-2015,Argos,B,13.4130,144.6090,,,,,,,,,,
152582,152582,Mk10,11:15:32 06-Dec-2015,Argos,B,13.4090,144.6500,,,,,,,,,,
152582,152582,Mk10,16:16:43 06-Dec-2015,Argos,B,13.4230,144.6280,,,,,,,,,,
152582,152582,Mk10,17:59:12 06-Dec-2015,Argos,B,13.4110,144.6370,,,,,,,,,,
152582,152582,Mk10,19:42:58 06-Dec-2015,Argos,B,13.4130,144.6660,,,,,,,,,,
152582,152582,Mk10,20:12:40 06-Dec-2015,Argos,B,13.3590,144.7050,,,,,,,,,,
152582,152582,Mk10,20:31:12 06-Dec-2015,Argos,B,13.3600,144.7040,,,,,,,,,,
152582,152582,Mk10,23:48:55 06-Dec-2015,Argos,B,13.3870,144.6950,,,,,,,,,,
152582,152582,Mk10,01:31:54 07-Dec-2015,Argos,B,13.3890,144.6900,,,,,,,,,,
152582,152582,Mk10,06:57:12 07-Dec-2015,Argos,B,13.4100,144.6860,,,,,,,,,,
152582,152582,Mk10,07:16:59 07-Dec-2015,Argos,B,13.4060,144.6820,,,,,,,,,,
152582,152582,Mk10,07:24:11 07-Dec-2015,Argos,B,13.4120,144.6560,,,,,,,,,,
152582,152582,Mk10,08:47:14 07-Dec-2015,Argos,B,13.4050,144.6570,,,,,,,,,,
152582,152582,Mk10,08:59:58 07-Dec-2015,Argos,B,13.4170,144.6550,,,,,,,,,,
152582,152582,Mk10,10:58:21 07-Dec-2015,Argos,B,13.4180,144.6540,,,,,,,,,,
152582,152582,Mk10,11:47:48 07-Dec-2015,Argos,B,13.4190,144.6540,,,,,,,,,,
152582,152582,Mk10,17:43:53 07-Dec-2015,Argos,B,13.4140,144.6520,,,,,,,,,,
152582,152582,Mk10,19:31:05 07-Dec-2015,Argos,B,13.4210,144.6420,,,,,,,,,,
152582,152582,Mk10,21:45:00 07-Dec-2015,Argos,B,13.4150,144.6450,,,,,,,,,,
152582,152582,Mk10,23:35:59 07-Dec-2015,Argos,B,13.4110,144.6430,,,,,,,,,,
152582,152582,Mk10,03:17:09 08-Dec-2015,Argos,B,13.3850,144.5980,,,,,,,,,,
152582,152582,Mk10,06:45:36 08-Dec-2015,Argos,B,13.3830,144.5910,,,,,,,,,,
152582,152582,Mk10,08:27:11 08-Dec-2015,Argos,B,13.3830,144.5900,,,,,,,,,,
152582,152582,Mk10,08:27:11 08-Dec-2015,Argos,B,13.3930,144.5900,,,,,,,,,,
152582,152582,Mk10,08:27:11 08-Dec-2015,Argos,B,13.3910,144.5950,,,,,,,,,,
152582,152582,Mk10,10:38:06 08-Dec-2015,Argos,B,13.4120,144.6380,,,,,,,,,,
152582,152582,Mk10,15:48:18 08-Dec-2015,Argos,B,13.4250,144.6540,,,,,,,,,,
152582,152582,Mk10,19:19:06 08-Dec-2015,Argos,B,13.4160,144.6670,,,,,,,,,,
152582,152582,Mk10,19:21:18 08-Dec-2015,Argos,B,13.3970,144.6370,,,,,,,,,,
152582,152582,Mk10,19:32:24 08-Dec-2015,Argos,B,13.4060,144.6370,,,,,,,,,,
152582,152582,Mk10,21:16:17 08-Dec-2015,Argos,B,13.4050,144.6330,,,,,,,,,,
152582,152582,Mk10,04:40:34 09-Dec-2015,Argos,A,13.4430,144.6420,,,,,,,,,,
152582,152582,Mk10,06:34:25 09-Dec-2015,Argos,B,13.4280,144.6650,,,,,,,,,,
152582,152582,Mk10,07:56:06 09-Dec-2015,Argos,B,13.4210,144.6660,,,,,,,,,,
152582,152582,Mk10,07:56:06 09-Dec-2015,Argos,B,13.4190,144.6570,,,,,,,,,,
152582,152582,Mk10,15:43:54 09-Dec-2015,Argos,B,13.4000,144.6510,,,,,,,,,,
152582,152582,Mk10,19:18:35 09-Dec-2015,Argos,B,13.4090,144.6470,,,,,,,,,,
152582,152582,Mk10,20:30:33 09-Dec-2015,Argos,A,13.4150,144.6520,,,,,,,,,,
152582,152582,Mk10,20:36:26 09-Dec-2015,Argos,B,13.4150,144.6510,,,,,,,,,,
152582,152582,Mk10,22:46:41 09-Dec-2015,Argos,A,13.3820,144.6480,,,,,,,,,,
152582,152582,Mk10,02:52:17 10-Dec-2015,Argos,B,13.3920,144.6430,,,,,,,,,,
152582,152582,Mk10,06:21:18 10-Dec-2015,Argos,B,13.3920,144.6430,,,,,,,,,,
152582,152582,Mk10,07:28:35 10-Dec-2015,Argos,B,13.4090,144.6410,,,,,,,,,,
152582,152582,Mk10,07:34:19 10-Dec-2015,Argos,B,13.3940,144.6420,,,,,,,,,,
152582,152582,Mk10,08:05:22 10-Dec-2015,Argos,B,13.4040,144.6530,,,,,,,,,,
152582,152582,Mk10,09:08:54 10-Dec-2015,Argos,B,13.4140,144.6580,,,,,,,,,,
152582,152582,Mk10,13:15:41 10-Dec-2015,Argos,B,13.4290,144.6820,,,,,,,,,,
152582,152582,Mk10,15:31:46 10-Dec-2015,Argos,B,13.4170,144.6810,,,,,,,,,,
152582,152582,Mk10,17:13:38 10-Dec-2015,Argos,B,13.4180,144.6830,,,,,,,,,,
152582,152582,Mk10,18:29:42 10-Dec-2015,Argos,B,13.4100,144.6720,,,,,,,,,,
152582,152582,Mk10,20:04:33 10-Dec-2015,Argos,0,13.4130,144.7080,,,,,,,,,,
152582,152582,Mk10,20:05:10 10-Dec-2015,Argos,0,13.4140,144.6450,,,,,,,,,,
152582,152582,Mk10,20:44:13 10-Dec-2015,Argos,B,13.4150,144.6490,,,,,,,,,,
152582,152582,Mk10,22:29:21 10-Dec-2015,Argos,B,13.4050,144.6640,,,,,,,,,,
152582,152582,Mk10,04:18:53 11-Dec-2015,Argos,B,13.3970,144.7020,,,,,,,,,,
152582,152582,Mk10,07:00:14 11-Dec-2015,Argos,B,13.3940,144.6990,,,,,,,,,,
152582,152582,Mk10,08:40:07 11-Dec-2015,Argos,B,13.4000,144.6910,,,,,,,,,,
152582,152582,Mk10,12:07:36 11-Dec-2015,Argos,B,13.4250,144.6800,,,,,,,,,,
152582,152582,Mk10,16:55:34 11-Dec-2015,Argos,B,13.4070,144.6860,,,,,,,,,,
152582,152582,Mk10,18:50:21 11-Dec-2015,Argos,B,13.4070,144.6840,,,,,,,,,,
152582,152582,Mk10,19:41:15 11-Dec-2015,Argos,B,13.4120,144.6500,,,,,,,,,,
152582,152582,Mk10,19:41:15 11-Dec-2015,Argos,B,13.4070,144.6690,,,,,,,,,,
152582,152582,Mk10,20:30:49 11-Dec-2015,Argos,B,13.4150,144.6490,,,,,,,,,,
152582,152582,Mk10,21:20:00 11-Dec-2015,Argos,B,13.4150,144.6480,,,,,,,,,,
152582,152582,Mk10,21:20:00 11-Dec-2015,Argos,B,13.4140,144.6480,,,,,,,,,,
152582,152582,Mk10,06:44:45 12-Dec-2015,Argos,B,13.4250,144.6270,,,,,,,,,,
152582,152582,Mk10,08:07:09 12-Dec-2015,Argos,B,13.4160,144.6340,,,,,,,,,,
152582,152582,Mk10,10:55:49 12-Dec-2015,Argos,B,13.4140,144.6600,,,,,,,,,,
152582,152582,Mk10,11:45:53 12-Dec-2015,Argos,B,13.4140,144.6610,,,,,,,,,,
152582,152582,Mk10,19:16:39 12-Dec-2015,Argos,B,13.4380,144.7020,,,,,,,,,,
152582,152582,Mk10,20:22:43 12-Dec-2015,Argos,B,13.4450,144.7000,,,,,,,,,,
152582,152582,Mk10,20:44:36 12-Dec-2015,Argos,B,13.4430,144.7020,,,,,,,,,,
152582,152582,Mk10,00:15:22 13-Dec-2015,Argos,B,13.4120,144.6580,,,,,,,,,,
152582,152582,Mk10,07:30:18 13-Dec-2015,Argos,B,13.3970,144.6620,,,,,,,,,,
152582,152582,Mk10,07:37:57 13-Dec-2015,Argos,B,13.4440,144.6570,,,,,,,,,,
152582,152582,Mk10,10:33:24 13-Dec-2015,Argos,B,13.4240,144.6610,,,,,,,,,,
152582,152582,Mk10,16:33:19 13-Dec-2015,Argos,B,13.4000,144.6570,,,,,,,,,,
152582,152582,Mk10,18:28:49 13-Dec-2015,Argos,B,13.3960,144.6610,,,,,,,,,,
152582,152582,Mk10,18:54:22 13-Dec-2015,Argos,B,13.3990,144.6600,,,,,,,,,,
152582,152582,Mk10,20:05:21 13-Dec-2015,Argos,B,13.3940,144.6650,,,,,,,,,,
152582,152582,Mk10,20:20:38 13-Dec-2015,Argos,B,13.4380,144.6760,,,,,,,,,,
152582,152582,Mk10,20:36:05 13-Dec-2015,Argos,B,13.4360,144.6770,,,,,,,,,,
152582,152582,Mk10,03:51:53 14-Dec-2015,Argos,A,13.3990,144.6440,,,,,,,,,,
152582,152582,Mk10,07:36:51 14-Dec-2015,Argos,B,13.3970,144.6490,,,,,,,,,,
152582,152582,Mk10,08:43:53 14-Dec-2015,Argos,A,13.4180,144.6360,,,,,,,,,,
152582,152582,Mk10,19:41:50 14-Dec-2015,Argos,B,13.4380,144.5910,,,,,,,,,,
152582,152582,Mk10,19:52:59 14-Dec-2015,Argos,B,13.4170,144.6030,,,,,,,,,,
152582,152582,Mk10,21:21:48 14-Dec-2015,Argos,B,13.4010,144.6240,,,,,,,,,,
152582,152582,Mk10,22:43:50 14-Dec-2015,Argos,B,13.4020,144.6260,,,,,,,,,,
152582,152582,Mk10,07:12:02 15-Dec-2015,Argos,A,13.3840,144.6120,,,,,,,,,,
152582,152582,Mk10,07:12:02 15-Dec-2015,Argos,A,13.3930,144.6250,,,,,,,,,,
152582,152582,Mk10,08:17:46 15-Dec-2015,Argos,B,13.4440,144.6890,,,,,,,,,,
152582,152582,Mk10,08:45:21 15-Dec-2015,Argos,B,13.4420,144.6880,,,,,,,,,,
152582,152582,Mk10,11:27:27 15-Dec-2015,Argos,B,13.4390,144.6850,,,,,,,,,,
152582,152582,Mk10,16:16:31 15-Dec-2015,Argos,1,13.4130,144.6330,,,,,,,,,,
152582,152582,Mk10,17:50:58 15-Dec-2015,Argos,B,13.4100,144.6300,,,,,,,,,,
152582,152582,Mk10,19:11:47 15-Dec-2015,Argos,B,13.4100,144.6300,,,,,,,,,,
152582,152582,Mk10,20:49:24 15-Dec-2015,Argos,B,13.4100,144.6340,,,,,,,,,,
152582,152582,Mk10,03:23:49 16-Dec-2015,Argos,B,13.4250,144.6350,,,,,,,,,,
152582,152582,Mk10,05:04:05 16-Dec-2015,Argos,B,13.4270,144.6390,,,,,,,,,,
152582,152582,Mk10,06:50:42 16-Dec-2015,Argos,A,13.4160,144.6750,,,,,,,,,,
152582,152582,Mk10,06:51:10 16-Dec-2015,Argos,B,13.4090,144.6350,,,,,,,,,,
152582,152582,Mk10,07:42:09 16-Dec-2015,Argos,B,13.4040,144.6490,,,,,,,,,,
152582,152582,Mk10,08:27:13 16-Dec-2015,Argos,B,13.4160,144.6620,,,,,,,,,,
152582,152582,Mk10,12:54:04 16-Dec-2015,Argos,B,13.4190,144.6910,,,,,,,,,,
152582,152582,Mk10,18:41:54 16-Dec-2015,Argos,B,13.4260,144.7210,,,,,,,,,,
152582,152582,Mk10,19:34:41 16-Dec-2015,Argos,B,13.4180,144.6690,,,,,,,,,,
152582,152582,Mk10,20:22:53 16-Dec-2015,Argos,B,13.4110,144.6570,,,,,,,,,,
152582,152582,Mk10,21:01:19 16-Dec-2015,Argos,B,13.4100,144.6550,,,,,,,,,,
152582,152582,Mk10,23:46:42 16-Dec-2015,Argos,B,13.4030,144.6410,,,,,,,,,,
152582,152582,Mk10,00:40:05 17-Dec-2015,Argos,B,13.4050,144.6400,,,,,,,,,,
152582,152582,Mk10,07:10:04 17-Dec-2015,Argos,B,13.4000,144.6040,,,,,,,,,,
152582,152582,Mk10,08:00:58 17-Dec-2015,Argos,B,13.3990,144.6210,,,,,,,,,,
152582,152582,Mk10,08:22:44 17-Dec-2015,Argos,B,13.4150,144.6300,,,,,,,,,,
152582,152582,Mk10,11:49:27 17-Dec-2015,Argos,B,13.4200,144.6300,,,,,,,,,,
152582,152582,Mk10,12:31:56 17-Dec-2015,Argos,B,13.4340,144.6340,,,,,,,,,,
152582,152582,Mk10,15:52:35 17-Dec-2015,Argos,B,13.4210,144.6890,,,,,,,,,,
152582,152582,Mk10,17:27:33 17-Dec-2015,Argos,B,13.4420,144.6470,,,,,,,,,,
152582,152582,Mk10,18:51:12 17-Dec-2015,Argos,B,13.4290,144.6330,,,,,,,,,,
152582,152582,Mk10,19:21:58 17-Dec-2015,Argos,A,13.4120,144.6570,,,,,,,,,,
152582,152582,Mk10,19:49:34 17-Dec-2015,Argos,B,13.4180,144.6540,,,,,,,,,,
152582,152582,Mk10,20:35:57 17-Dec-2015,Argos,B,13.4070,144.6590,,,,,,,,,,
152582,152582,Mk10,21:30:17 17-Dec-2015,Argos,B,13.4030,144.6620,,,,,,,,,,
152582,152582,Mk10,06:31:57 18-Dec-2015,Argos,A,13.4160,144.6510,,,,,,,,,,
152582,152582,Mk10,07:37:55 18-Dec-2015,Argos,B,13.4080,144.6540,,,,,,,,,,
152582,152582,Mk10,08:12:16 18-Dec-2015,Argos,B,13.3680,144.6540,,,,,,,,,,
152582,152582,Mk10,08:12:16 18-Dec-2015,Argos,B,13.4190,144.6760,,,,,,,,,,
152582,152582,Mk10,09:16:16 18-Dec-2015,Argos,B,13.4050,144.6800,,,,,,,,,,
152582,152582,Mk10,17:23:02 18-Dec-2015,Argos,B,13.4230,144.6740,,,,,,,,,,
152582,152582,Mk10,19:10:13 18-Dec-2015,Argos,B,13.3950,144.6380,,,,,,,,,,
152582,152582,Mk10,19:24:17 18-Dec-2015,Argos,B,13.4310,144.6480,,,,,,,,,,
152582,152582,Mk10,20:52:14 18-Dec-2015,Argos,B,13.4140,144.6410,,,,,,,,,,
152582,152582,Mk10,21:04:06 18-Dec-2015,Argos,B,13.4180,144.6520,,,,,,,,,,
152582,152582,Mk10,23:04:44 18-Dec-2015,Argos,B,13.4150,144.6510,,,,,,,,,,
152582,152582,Mk10,06:22:34 19-Dec-2015,Argos,B,13.3740,144.6090,,,,,,,,,,
152582,152582,Mk10,07:13:59 19-Dec-2015,Argos,B,13.4070,144.6530,,,,,,,,,,
152582,152582,Mk10,08:00:07 19-Dec-2015,Argos,B,13.4070,144.6570,,,,,,,,,,
152582,152582,Mk10,10:10:33 19-Dec-2015,Argos,B,13.4070,144.6560,,,,,,,,,,
152582,152582,Mk10,19:46:30 19-Dec-2015,Argos,B,13.4100,144.7130,,,,,,,,,,
152582,152582,Mk10,20:25:27 19-Dec-2015,Argos,B,13.4130,144.6930,,,,,,,,,,
152582,152582,Mk10,20:38:45 19-Dec-2015,Argos,B,13.4110,144.6920,,,,,,,,,,
152582,152582,Mk10,22:39:13 19-Dec-2015,Argos,A,13.4240,144.6540,,,,,,,,,,
152582,152582,Mk10,04:21:11 20-Dec-2015,Argos,B,13.4110,144.6490,,,,,,,,,,
152582,152582,Mk10,07:16:09 20-Dec-2015,Argos,B,13.4120,144.6620,,,,,,,,,,
152582,152582,Mk10,07:44:48 20-Dec-2015,Argos,B,13.4110,144.6610,,,,,,,,,,
152582,152582,Mk10,18:49:07 20-Dec-2015,Argos,B,13.4140,144.6570,,,,,,,,,,
152582,152582,Mk10,19:17:40 20-Dec-2015,Argos,B,13.4040,144.6530,,,,,,,,,,
152582,152582,Mk10,19:58:22 20-Dec-2015,Argos,B,13.4160,144.6550,,,,,,,,,,
152582,152582,Mk10,20:24:01 20-Dec-2015,Argos,B,13.4140,144.6530,,,,,,,,,,
152582,152582,Mk10,21:35:26 20-Dec-2015,Argos,B,13.4110,144.6480,,,,,,,,,,
152582,152582,Mk10,00:05:15 21-Dec-2015,Argos,B,13.4080,144.6460,,,,,,,,,,
152582,152582,Mk10,08:06:19 21-Dec-2015,Argos,B,13.4070,144.6480,,,,,,,,,,
152582,152582,Mk10,08:18:08 21-Dec-2015,Argos,B,13.4070,144.6460,,,,,,,,,,
152582,152582,Mk10,12:03:38 21-Dec-2015,Argos,B,13.4110,144.6420,,,,,,,,,,
152582,152582,Mk10,16:54:00 21-Dec-2015,Argos,B,13.4140,144.6400,,,,,,,,,,
152582,152582,Mk10,18:36:34 21-Dec-2015,Argos,B,13.4140,144.6410,,,,,,,,,,
152582,152582,Mk10,18:53:41 21-Dec-2015,Argos,B,13.4120,144.6510,,,,,,,,,,
152582,152582,Mk10,19:28:23 21-Dec-2015,Argos,B,13.4110,144.6430,,,,,,,,,,
152582,152582,Mk10,20:20:20 21-Dec-2015,Argos,B,13.4110,144.6420,,,,,,,,,,
152582,152582,Mk10,20:28:52 21-Dec-2015,Argos,B,13.4110,144.6440,,,,,,,,,,
152582,152582,Mk10,07:58:56 22-Dec-2015,Argos,B,13.4040,144.6370,,,,,,,,,,
152582,152582,Mk10,09:15:54 22-Dec-2015,Argos,B,13.4110,144.6380,,,,,,,,,,
152582,152582,Mk10,10:50:36 22-Dec-2015,Argos,B,13.4150,144.6410,,,,,,,,,,
152582,152582,Mk10,11:41:58 22-Dec-2015,Argos,1,13.4130,144.6410,,,,,,,,,,
152582,152582,Mk10,12:24:14 22-Dec-2015,Argos,B,13.4120,144.6420,,,,,,,,,,
152582,152582,Mk10,18:16:14 22-Dec-2015,Argos,B,13.4110,144.6450,,,,,,,,,,
152582,152582,Mk10,18:26:08 22-Dec-2015,Argos,B,13.4110,144.6430,,,,,,,,,,
152582,152582,Mk10,18:27:58 22-Dec-2015,Argos,B,13.4110,144.6450,,,,,,,,,,
152582,152582,Mk10,20:32:36 22-Dec-2015,Argos,B,13.3980,144.6520,,,,,,,,,,
152582,152582,Mk10,07:18:21 23-Dec-2015,Argos,B,13.4140,144.6370,,,,,,,,,,
152582,152582,Mk10,07:18:46 23-Dec-2015,Argos,B,13.4160,144.6420,,,,,,,,,,
152582,152582,Mk10,08:51:02 23-Dec-2015,Argos,B,13.3740,144.6170,,,,,,,,,,Lat > 4 deviations from mean
152582,152582,Mk10,09:00:59 23-Dec-2015,Argos,B,13.3940,144.6740,,,,,,,,,,
152582,152582,Mk10,10:22:59 23-Dec-2015,Argos,B,13.3880,144.6680,,,,,,,,,,
152582,152582,Mk10,12:11:28 23-Dec-2015,Argos,A,13.4140,144.6560,,,,,,,,,,
152582,152582,Mk10,16:29:30 23-Dec-2015,Argos,B,13.4070,144.6330,,,,,,,,,,
152582,152582,Mk10,07:05:41 24-Dec-2015,Argos,B,13.4130,144.6480,,,,,,,,,,
152582,152582,Mk10,10:59:12 24-Dec-2015,Argos,B,13.4150,144.6260,,,,,,,,,,
152582,152582,Mk10,12:34:24 24-Dec-2015,Argos,B,13.4180,144.6270,,,,,,,,,,
152582,152582,Mk10,19:20:33 24-Dec-2015,Argos,B,13.4200,144.6310,,,,,,,,,,
152582,152582,Mk10,07:52:37 25-Dec-2015,Argos,B,13.4320,144.6090,,,,,,,,,,
152582,152582,Mk10,07:58:32 25-Dec-2015,Argos,B,13.4150,144.6350,,,,,,,,,,
152582,152582,Mk10,08:28:08 25-Dec-2015,Argos,B,13.4150,144.6360,,,,,,,,,,
152582,152582,Mk10,19:01:34 25-Dec-2015,Argos,B,13.4040,144.6050,,,,,,,,,,
152582,152582,Mk10,19:26:09 25-Dec-2015,Argos,A,13.4110,144.6420,,,,,,,,,,
152582,152582,Mk10,20:29:20 25-Dec-2015,Argos,B,13.4110,144.6420,,,,,,,,,,
152582,152582,Mk10,04:49:17 26-Dec-2015,Argos,B,13.4100,144.6150,,,,,,,,,,
152582,152582,Mk10,06:37:32 26-Dec-2015,Argos,B,13.4230,144.6200,,,,,,,,,,
152582,152582,Mk10,07:23:35 26-Dec-2015,Argos,B,13.4320,144.6410,,,,,,,,,,
152582,152582,Mk10,15:48:53 26-Dec-2015,Argos,B,13.4540,144.6850,,,,,,,,,,
152582,152582,Mk10,19:23:10 26-Dec-2015,Argos,B,13.4670,144.6990,,,,,,,,,,
152582,152582,Mk10,20:05:31 26-Dec-2015,Argos,B,13.4560,144.6820,,,,,,,,,,
152582,152582,Mk10,20:05:31 26-Dec-2015,Argos,B,13.4130,144.6040,,,,,,,,,,
152582,152582,Mk10,20:56:49 26-Dec-2015,Argos,B,13.4100,144.5940,,,,,,,,,,
152582,152582,Mk10,06:56:03 27-Dec-2015,Argos,B,13.3860,144.6440,,,,,,,,,,
152582,152582,Mk10,08:06:33 27-Dec-2015,Argos,B,13.4020,144.6400,,,,,,,,,,
152582,152582,Mk10,15:38:59 27-Dec-2015,Argos,B,13.4300,144.6160,,,,,,,,,,
152582,152582,Mk10,19:08:22 27-Dec-2015,Argos,A,13.4020,144.6390,,,,,,,,,,
152582,152582,Mk10,19:36:45 27-Dec-2015,Argos,B,13.4080,144.6440,,,,,,,,,,
152582,152582,Mk10,20:46:03 27-Dec-2015,Argos,B,13.4140,144.6470,,,,,,,,,,
152582,152582,Mk10,00:53:09 28-Dec-2015,Argos,B,13.4220,144.6440,,,,,,,,,,
152582,152582,Mk10,04:34:43 28-Dec-2015,Argos,B,13.4020,144.6600,,,,,,,,,,
152582,152582,Mk10,07:55:24 28-Dec-2015,Argos,B,13.4030,144.6630,,,,,,,,,,
152582,152582,Mk10,07:59:38 28-Dec-2015,Argos,B,13.4020,144.6600,,,,,,,,,,
152582,152582,Mk10,09:44:17 28-Dec-2015,Argos,B,13.4060,144.6640,,,,,,,,,,
152582,152582,Mk10,12:00:11 28-Dec-2015,Argos,B,13.4110,144.6600,,,,,,,,,,
152582,152582,Mk10,17:09:49 28-Dec-2015,Argos,B,13.4130,144.6620,,,,,,,,,,
152582,152582,Mk10,18:58:02 28-Dec-2015,Argos,B,13.4070,144.6650,,,,,,,,,,
152582,152582,Mk10,19:10:04 28-Dec-2015,Argos,B,13.4040,144.6470,,,,,,,,,,
152582,152582,Mk10,19:19:40 28-Dec-2015,Argos,B,13.4050,144.6460,,,,,,,,,,
152582,152582,Mk10,20:33:01 28-Dec-2015,Argos,2,13.4070,144.6580,,,,,,,,,,
152582,152582,Mk10,20:39:52 28-Dec-2015,Argos,B,13.4070,144.6580,,,,,,,,,,
152582,152582,Mk10,20:56:33 28-Dec-2015,Argos,B,13.4070,144.6580,,,,,,,,,,
152582,152582,Mk10,00:31:28 29-Dec-2015,Argos,A,13.4070,144.6510,,,,,,,,,,
152582,152582,Mk10,07:37:24 29-Dec-2015,Argos,B,13.4030,144.6700,,,,,,,,,,
152582,152582,Mk10,08:03:08 29-Dec-2015,Argos,B,13.4110,144.6600,,,,,,,,,,
152582,152582,Mk10,11:43:34 29-Dec-2015,Argos,A,13.4160,144.6640,,,,,,,,,,
152582,152582,Mk10,20:11:01 29-Dec-2015,Argos,B,13.4160,144.6790,,,,,,,,,,
152582,152582,Mk10,20:37:59 29-Dec-2015,Argos,B,13.4140,144.6720,,,,,,,,,,
152582,152582,Mk10,22:37:40 29-Dec-2015,Argos,B,13.4110,144.6640,,,,,,,,,,
152582,152582,Mk10,23:27:21 29-Dec-2015,Argos,B,13.4100,144.6630,,,,,,,,,,
152582,152582,Mk10,00:12:16 30-Dec-2015,Argos,B,13.4050,144.6560,,,,,,,,,,
152582,152582,Mk10,04:05:04 30-Dec-2015,Argos,B,13.3970,144.6480,,,,,,,,,,
152582,152582,Mk10,07:04:42 30-Dec-2015,Argos,B,13.4050,144.6560,,,,,,,,,,
152582,152582,Mk10,07:36:46 30-Dec-2015,Argos,B,13.4080,144.6480,,,,,,,,,,
152582,152582,Mk10,07:36:46 30-Dec-2015,Argos,B,13.4040,144.6410,,,,,,,,,,
152582,152582,Mk10,08:35:57 30-Dec-2015,Argos,B,13.4020,144.6380,,,,,,,,,,
152582,152582,Mk10,11:23:28 30-Dec-2015,Argos,B,13.3970,144.6310,,,,,,,,,,
152582,152582,Mk10,12:09:50 30-Dec-2015,Argos,B,13.4010,144.6320,,,,,,,,,,
152582,152582,Mk10,19:43:47 30-Dec-2015,Argos,B,13.3990,144.6080,,,,,,,,,,
152582,152582,Mk10,20:04:11 30-Dec-2015,Argos,B,13.5020,144.7950,,,,,,,,,,Lat > 4 deviations from mean
152582,152582,Mk10,03:57:49 31-Dec-2015,Argos,B,13.4200,144.6420,,,,,,,,,,
152582,152582,Mk10,05:32:06 31-Dec-2015,Argos,B,13.4120,144.6300,,,,,,,,,,
152582,152582,Mk10,07:14:09 31-Dec-2015,Argos,A,13.4200,144.6670,,,,,,,,,,
152582,152582,Mk10,08:15:17 31-Dec-2015,Argos,B,13.4180,144.6660,,,,,,,,,,
152582,152582,Mk10,08:50:16 31-Dec-2015,Argos,B,13.3950,144.6700,,,,,,,,,,
152582,152582,Mk10,19:49:15 31-Dec-2015,Argos,B,13.3420,144.7630,,,,,,,,,,Lat > 4 deviations from mean
152582,152582,Mk10,19:57:10 31-Dec-2015,Argos,B,13.4090,144.6670,,,,,,,,,,
152582,152582,Mk10,20:51:24 31-Dec-2015,Argos,B,13.4040,144.6680,,,,,,,,,,
152582,152582,Mk10,21:23:13 31-Dec-2015,Argos,B,13.4030,144.6690,,,,,,,,,,
152582,152582,Mk10,23:28:27 31-Dec-2015,Argos,B,13.3860,144.6720,,,,,,,,,,
152582,152582,Mk10,01:10:12 01-Jan-2016,Argos,B,13.3800,144.6730,,,,,,,,,,
152582,152582,Mk10,03:45:53 01-Jan-2016,Argos,B,13.4030,144.6430,,,,,,,,,,
152582,152582,Mk10,05:29:37 01-Jan-2016,Argos,B,13.3990,144.6420,,,,,,,,,,
152582,152582,Mk10,07:06:46 01-Jan-2016,Argos,B,13.3990,144.6410,,,,,,,,,,
152582,152582,Mk10,08:30:20 01-Jan-2016,Argos,B,13.4120,144.6390,,,,,,,,,,
152582,152582,Mk10,19:21:37 01-Jan-2016,Argos,A,13.4140,144.6300,,,,,,,,,,
152582,152582,Mk10,19:44:33 01-Jan-2016,Argos,A,13.4150,144.6430,,,,,,,,,,
152582,152582,Mk10,20:23:16 01-Jan-2016,Argos,1,13.4140,144.6340,,,,,,,,,,
152582,152582,Mk10,20:58:47 01-Jan-2016,Argos,A,13.4210,144.6490,,,,,,,,,,
152582,152582,Mk10,08:07:18 02-Jan-2016,Argos,B,13.4220,144.6850,,,,,,,,,,
152582,152582,Mk10,08:45:43 02-Jan-2016,Argos,B,13.4150,144.6510,,,,,,,,,,
152582,152582,Mk10,17:52:52 02-Jan-2016,Argos,A,13.4160,144.6510,,,,,,,,,,
152582,152582,Mk10,19:42:23 02-Jan-2016,Argos,B,13.4330,144.6580,,,,,,,,,,
152582,152582,Mk10,19:51:49 02-Jan-2016,Argos,A,13.4130,144.6410,,,,,,,,,,
152582,152582,Mk10,20:37:20 02-Jan-2016,Argos,B,13.4170,144.6400,,,,,,,,,,
152582,152582,Mk10,21:17:55 02-Jan-2016,Argos,B,13.4190,144.6390,,,,,,,,,,
152582,152582,Mk10,21:25:04 02-Jan-2016,Argos,B,13.4170,144.6400,,,,,,,,,,
152582,152582,Mk10,22:46:48 02-Jan-2016,Argos,B,13.4190,144.6420,,,,,,,,,,
152582,152582,Mk10,00:37:18 03-Jan-2016,Argos,B,13.4210,144.6420,,,,,,,,,,
152582,152582,Mk10,06:48:04 03-Jan-2016,Argos,A,13.4540,144.7240,,,,,,,,,,
152582,152582,Mk10,07:34:57 03-Jan-2016,Argos,B,13.4500,144.7210,,,,,,,,,,
152582,152582,Mk10,08:28:24 03-Jan-2016,Argos,B,13.4530,144.7200,,,,,,,,,,
152582,152582,Mk10,10:56:14 03-Jan-2016,Argos,B,13.4560,144.7180,,,,,,,,,,
152582,152582,Mk10,19:28:04 03-Jan-2016,Argos,A,13.4140,144.6460,,,,,,,,,,
152582,152582,Mk10,20:51:54 03-Jan-2016,Argos,B,13.4140,144.6440,,,,,,,,,,
152582,152582,Mk10,21:03:55 03-Jan-2016,Argos,B,13.4130,144.6440,,,,,,,,,,
152582,152582,Mk10,22:31:26 03-Jan-2016,Argos,B,13.4200,144.6230,,,,,,,,,,
152582,152582,Mk10,00:11:06 04-Jan-2016,Argos,B,13.4290,144.6280,,,,,,,,,,
152582,152582,Mk10,08:19:03 04-Jan-2016,Argos,A,13.4100,144.6490,,,,,,,,,,
152582,152582,Mk10,08:52:58 04-Jan-2016,Argos,B,13.4090,144.6480,,,,,,,,,,
152582,152582,Mk10,09:24:09 04-Jan-2016,Argos,B,13.4100,144.6470,,,,,,,,,,
152582,152582,Mk10,19:15:43 04-Jan-2016,Argos,3,13.4110,144.6490,,,,,,,,,,
152582,152582,Mk10,19:51:07 04-Jan-2016,Argos,B,13.4120,144.6480,,,,,,,,,,
152582,152582,Mk10,20:20:46 04-Jan-2016,Argos,B,13.4120,144.6470,,,,,,,,,,
152582,152582,Mk10,20:59:32 04-Jan-2016,Argos,B,13.4130,144.6460,,,,,,,,,,
152582,152582,Mk10,21:25:27 04-Jan-2016,Argos,B,13.4130,144.6260,,,,,,,,,,
152582,152582,Mk10,04:36:20 05-Jan-2016,Argos,A,13.3810,144.6240,,,,,,,,,,
152582,152582,Mk10,08:04:57 05-Jan-2016,Argos,A,13.4090,144.6500,,,,,,,,,,
152582,152582,Mk10,08:27:15 05-Jan-2016,Argos,B,13.4140,144.6520,,,,,,,,,,
152582,152582,Mk10,10:54:24 05-Jan-2016,Argos,B,13.4200,144.6530,,,,,,,,,,
152582,152582,Mk10,19:56:09 05-Jan-2016,Argos,B,13.4210,144.6660,,,,,,,,,,
152582,152582,Mk10,20:41:39 05-Jan-2016,Argos,B,13.4250,144.6710,,,,,,,,,,
152582,152582,Mk10,21:01:02 05-Jan-2016,Argos,B,13.4250,144.6220,,,,,,,,,,
152582,152582,Mk10,00:27:34 06-Jan-2016,Argos,B,13.4340,144.6350,,,,,,,,,,
152582,152582,Mk10,06:23:11 06-Jan-2016,Argos,B,13.4490,144.6190,,,,,,,,,,
152582,152582,Mk10,07:52:13 06-Jan-2016,Argos,B,13.4370,144.6690,,,,,,,,,,
152582,152582,Mk10,08:04:39 06-Jan-2016,Argos,B,13.4150,144.6240,,,,,,,,,,
152582,152582,Mk10,08:23:53 06-Jan-2016,Argos,B,13.4150,144.6240,,,,,,,,,,
152582,152582,Mk10,10:36:59 06-Jan-2016,Argos,B,13.4190,144.6340,,,,,,,,,,
152582,152582,Mk10,17:04:13 06-Jan-2016,Argos,A,13.4130,144.6440,,,,,,,,,,
152582,152582,Mk10,18:54:13 06-Jan-2016,Argos,B,13.4160,144.6470,,,,,,,,,,
152582,152582,Mk10,18:54:13 06-Jan-2016,Argos,B,13.4150,144.6440,,,,,,,,,,
152582,152582,Mk10,20:31:38 06-Jan-2016,Argos,B,13.4220,144.6350,,,,,,,,,,
152582,152582,Mk10,20:31:38 06-Jan-2016,Argos,B,13.4200,144.6340,,,,,,,,,,
152582,152582,Mk10,21:05:44 06-Jan-2016,Argos,B,13.4170,144.6510,,,,,,,,,,
152582,152582,Mk10,23:12:10 06-Jan-2016,Argos,B,13.4160,144.6600,,,,,,,,,,
152582,152582,Mk10,07:52:07 07-Jan-2016,Argos,B,13.4160,144.6560,,,,,,,,,,
152582,152582,Mk10,11:04:08 07-Jan-2016,Argos,B,13.4100,144.6650,,,,,,,,,,
152582,152582,Mk10,00:30:14 08-Jan-2016,Argos,B,13.4180,144.7150,,,,,,,,,,
152582,152582,Mk10,04:10:33 08-Jan-2016,Argos,A,13.4220,144.6890,,,,,,,,,,
152582,152582,Mk10,16:42:06 08-Jan-2016,Argos,B,13.4070,144.6910,,,,,,,,,,
152582,152582,Mk10,20:11:33 08-Jan-2016,Argos,B,13.4110,144.6850,,,,,,,,,,
152582,152582,Mk10,21:23:43 08-Jan-2016,Argos,B,13.4110,144.6730,,,,,,,,,,
152582,152582,Mk10,06:50:29 09-Jan-2016,Argos,B,13.4090,144.6580,,,,,,,,,,
152582,152582,Mk10,19:19:36 09-Jan-2016,Argos,B,13.4160,144.6440,,,,,,,,,,
152582,152582,Mk10,19:32:08 09-Jan-2016,Argos,B,13.4160,144.6530,,,,,,,,,,
152582,152582,Mk10,21:02:38 09-Jan-2016,Argos,B,13.4210,144.6510,,,,,,,,,,
152582,152582,Mk10,21:02:38 09-Jan-2016,Argos,B,13.4190,144.6510,,,,,,,,,,
152582,152582,Mk10,06:26:46 10-Jan-2016,Argos,B,13.4280,144.6600,,,,,,,,,,
152582,152582,Mk10,07:12:09 10-Jan-2016,Argos,B,13.4310,144.6580,,,,,,,,,,
152582,152582,Mk10,07:59:04 10-Jan-2016,Argos,B,13.4250,144.6580,,,,,,,,,,
152582,152582,Mk10,09:33:09 10-Jan-2016,Argos,2,13.4120,144.6500,,,,,,,,,,
152582,152582,Mk10,09:33:09 10-Jan-2016,Argos,2,13.4120,144.6500,,,,,,,,,,
152582,152582,Mk10,11:51:30 10-Jan-2016,Argos,A,13.4050,144.6390,,,,,,,,,,
152582,152582,Mk10,12:29:11 10-Jan-2016,Argos,B,13.4030,144.6380,,,,,,,,,,
152582,152582,Mk10,16:23:46 10-Jan-2016,Argos,B,13.4060,144.6370,,,,,,,,,,
152582,152582,Mk10,17:58:16 10-Jan-2016,Argos,B,13.4030,144.6380,,,,,,,,,,
152582,152582,Mk10,19:52:07 10-Jan-2016,Argos,B,13.4010,144.6360,,,,,,,,,,
152582,152582,Mk10,20:32:59 10-Jan-2016,Argos,B,13.4020,144.6400,,,,,,,,,,
152582,152582,Mk10,20:40:17 10-Jan-2016,Argos,B,13.4280,144.6460,,,,,,,,,,
152582,152582,Mk10,21:26:11 10-Jan-2016,Argos,B,13.4230,144.6450,,,,,,,,,,
152582,152582,Mk10,12:08:25 11-Jan-2016,Argos,B,13.3710,144.6390,,,,,,,,,,Lat > 4 deviations from mean
152582,152582,Mk10,16:10:08 11-Jan-2016,Argos,B,13.4140,144.6450,,,,,,,,,,
152582,152582,Mk10,19:39:21 11-Jan-2016,Argos,B,13.4090,144.6420,,,,,,,,,,
152582,152582,Mk10,20:03:45 11-Jan-2016,Argos,B,13.4120,144.6460,,,,,,,,,,
152582,152582,Mk10,20:05:39 11-Jan-2016,Argos,B,13.4120,144.6450,,,,,,,,,,
152582,152582,Mk10,21:41:44 11-Jan-2016,Argos,B,13.4100,144.6430,,,,,,,,,,
152582,152582,Mk10,23:06:09 11-Jan-2016,Argos,B,13.4110,144.6440,,,,,,,,,,
152582,152582,Mk10,00:49:16 12-Jan-2016,Argos,B,13.4040,144.6430,,,,,,,,,,
152582,152582,Mk10,08:30:49 12-Jan-2016,Argos,B,13.4050,144.6480,,,,,,,,,,
152582,152582,Mk10,11:48:10 12-Jan-2016,Argos,B,13.4110,144.6450,,,,,,,,,,
152582,152582,Mk10,19:20:40 12-Jan-2016,Argos,B,13.4140,144.6470,,,,,,,,,,
152582,152582,Mk10,19:48:42 12-Jan-2016,Argos,B,13.4100,144.6530,,,,,,,,,,
152582,152582,Mk10,21:12:51 12-Jan-2016,Argos,B,13.4060,144.6440,,,,,,,,,,
152582,152582,Mk10,21:25:54 12-Jan-2016,Argos,B,13.4090,144.6420,,,,,,,,,,
152582,152582,Mk10,23:34:29 12-Jan-2016,Argos,B,13.4090,144.6530,,,,,,,,,,
152582,152582,Mk10,04:47:59 13-Jan-2016,Argos,B,13.4140,144.6610,,,,,,,,,,
152582,152582,Mk10,08:15:13 13-Jan-2016,Argos,B,13.4130,144.6420,,,,,,,,,,
152582,152582,Mk10,08:27:44 13-Jan-2016,Argos,B,13.4070,144.6430,,,,,,,,,,
152582,152582,Mk10,17:30:08 13-Jan-2016,Argos,B,13.4130,144.6310,,,,,,,,,,
152582,152582,Mk10,20:38:43 13-Jan-2016,Argos,B,13.4140,144.6330,,,,,,,,,,
152582,152582,Mk10,20:56:43 13-Jan-2016,Argos,B,13.4130,144.6370,,,,,,,,,,
152582,152582,Mk10,22:21:40 13-Jan-2016,Argos,B,13.4120,144.6350,,,,,,,,,,
152582,152582,Mk10,04:35:15 14-Jan-2016,Argos,B,13.4080,144.6260,,,,,,,,,,
152582,152582,Mk10,20:08:20 14-Jan-2016,Argos,B,13.4110,144.6080,,,,,,,,,,
152582,152582,Mk10,20:36:32 14-Jan-2016,Argos,B,13.4210,144.6260,,,,,,,,,,
152582,152582,Mk10,20:36:32 14-Jan-2016,Argos,B,13.4190,144.6280,,,,,,,,,,
152582,152582,Mk10,23:46:49 14-Jan-2016,Argos,B,13.4190,144.6230,,,,,,,,,,
152582,152582,Mk10,19:43:50 15-Jan-2016,Argos,B,13.4050,144.6150,,,,,,,,,,
